<?xml version="1.0" encoding="utf-8"?>
<COLLADA xmlns="http://www.collada.org/2005/11/COLLADASchema" version="1.4.1">
  <asset><contributor><author></author><authoring_tool>FBX COLLADA exporter</authoring_tool><comments></comments></contributor><created>2019-06-26T11:36:41Z</created><keywords></keywords><modified>2019-06-26T11:36:41Z</modified><revision></revision><subject></subject><title></title><unit meter="0.010000" name="centimeter"></unit><up_axis>Y_UP</up_axis></asset>
  <library_animations>
    <animation id="CUT01_camera_Output-anim" name="CUT01_camera_Output"><animation><source id="CUT01_camera_Output-Matrix-animation-input"><float_array id="CUT01_camera_Output-Matrix-animation-input-array" count="116">

0.000000 0.033333 0.066667 0.100000 0.133333 0.166667 0.200000 0.233333 0.266667 0.300000 0.333333 0.366667 0.400000 0.433333 0.466667 0.500000
0.533333 0.566667 0.600000 0.633333 0.666667 0.700000 0.733333 0.766667 0.800000 0.833333 0.866667 0.900000 0.933333 0.966667 1.000000 1.033333
1.066667 1.100000 1.133333 1.166667 1.200000 1.233333 1.266667 1.300000 1.333333 1.366667 1.400000 1.433333 1.466667 1.500000 1.533333 1.566667
1.600000 1.633333 1.666667 1.700000 1.733333 1.766667 1.800000 1.833333 1.866667 1.900000 1.933333 1.966667 2.000000 2.033333 2.066667 2.100000
2.133333 2.166667 2.200000 2.233333 2.266667 2.300000 2.333333 2.366667 2.400000 2.433333 2.466667 2.500000 2.533333 2.566667 2.600000 2.633333
2.666667 2.700000 2.733333 2.766667 2.800000 2.833333 2.866667 2.900000 2.933333 2.966667 3.000000 3.033333 3.066667 3.100000 3.133333 3.166667
3.200000 3.233333 3.266667 3.300000 3.333333 3.366667 3.400000 3.433333 3.466667 3.500000 3.533333 3.566667 3.600000 3.633333 3.666667 3.700000
3.733333 3.766667 3.800000 3.833333</float_array><technique_common><accessor source="#CUT01_camera_Output-Matrix-animation-input-array" count="116"><param name="TIME" type="float"/></accessor></technique_common></source><source id="CUT01_camera_Output-Matrix-animation-output-transform"><float_array id="CUT01_camera_Output-Matrix-animation-output-transform-array" count="1856">

-1.000000 0.000000 -0.000000 -0.000002 -0.000000 0.854625 0.519246 265.738739 0.000000 0.519246 -0.854625 -3533.365234 0.000000 0.000000 0.000000 1.000000
-1.000000 0.000000 -0.000000 -0.000002 -0.000000 0.854797 0.518963 265.738739 0.000000 0.518963 -0.854797 -3490.171875 0.000000 0.000000 0.000000 1.000000
-1.000000 0.000000 -0.000000 -0.000002 -0.000000 0.854294 0.519790 265.738739 0.000000 0.519790 -0.854294 -3452.787109 0.000000 0.000000 0.000000 1.000000
-1.000000 0.000000 -0.000000 -0.000002 -0.000000 0.853672 0.520811 265.738739 0.000000 0.520811 -0.853672 -3416.880615 0.000000 0.000000 0.000000 1.000000
-1.000000 0.000000 -0.000000 -0.000002 -0.000000 0.852988 0.521930 265.738739 0.000000 0.521930 -0.852988 -3381.768799 0.000000 0.000000 0.000000 1.000000
-1.000000 0.000000 -0.000000 -0.000002 -0.000000 0.852263 0.523114 265.738739 0.000000 0.523114 -0.852263 -3347.178223 0.000000 0.000000 0.000000 1.000000
-1.000000 0.000000 -0.000000 -0.000002 -0.000000 0.851506 0.524344 265.738739 0.000000 0.524344 -0.851506 -3312.966553 0.000000 0.000000 0.000000 1.000000
-1.000000 0.000000 -0.000000 -0.000002 -0.000000 0.850725 0.525610 265.738739 0.000000 0.525610 -0.850725 -3279.048584 0.000000 0.000000 0.000000 1.000000
-1.000000 0.000000 -0.000000 -0.000002 -0.000000 0.849924 0.526906 265.738739 0.000000 0.526906 -0.849924 -3245.367920 0.000000 0.000000 0.000000 1.000000
-1.000000 0.000000 -0.000000 -0.000002 -0.000000 0.849104 0.528226 265.738739 0.000000 0.528226 -0.849104 -3211.885986 0.000000 0.000000 0.000000 1.000000
-1.000000 0.000000 -0.000000 -0.000002 -0.000000 0.848267 0.529568 265.738739 0.000000 0.529568 -0.848267 -3178.573730 0.000000 0.000000 0.000000 1.000000
-1.000000 0.000000 -0.000000 -0.000002 -0.000000 0.847416 0.530930 265.738739 0.000000 0.530930 -0.847416 -3145.410156 0.000000 0.000000 0.000000 1.000000
-1.000000 0.000000 -0.000000 -0.000002 -0.000000 0.846551 0.532308 265.738739 0.000000 0.532308 -0.846551 -3112.378174 0.000000 0.000000 0.000000 1.000000
-1.000000 0.000000 -0.000000 -0.000002 -0.000000 0.845672 0.533702 265.738739 0.000000 0.533702 -0.845672 -3079.464600 0.000000 0.000000 0.000000 1.000000
-1.000000 0.000000 -0.000000 -0.000002 -0.000000 0.844782 0.535111 265.738739 0.000000 0.535111 -0.844782 -3046.658936 0.000000 0.000000 0.000000 1.000000
-1.000000 0.000000 -0.000000 -0.000002 -0.000000 0.843879 0.536533 265.738739 0.000000 0.536533 -0.843879 -3013.951904 0.000000 0.000000 0.000000 1.000000
-1.000000 0.000000 -0.000000 -0.000002 -0.000000 0.842965 0.537968 265.738739 0.000000 0.537968 -0.842965 -2981.336670 0.000000 0.000000 0.000000 1.000000
-1.000000 0.000000 -0.000000 -0.000002 -0.000000 0.842040 0.539415 265.738739 0.000000 0.539415 -0.842040 -2948.807129 0.000000 0.000000 0.000000 1.000000
-1.000000 0.000000 -0.000000 -0.000002 -0.000000 0.841104 0.540873 265.738739 0.000000 0.540873 -0.841104 -2916.357666 0.000000 0.000000 0.000000 1.000000
-1.000000 0.000000 -0.000000 -0.000002 -0.000000 0.840157 0.542343 265.738739 0.000000 0.542343 -0.840157 -2883.984375 0.000000 0.000000 0.000000 1.000000
-1.000000 0.000000 -0.000000 -0.000002 -0.000000 0.839201 0.543822 265.738739 0.000000 0.543822 -0.839201 -2851.683350 0.000000 0.000000 0.000000 1.000000
-1.000000 0.000000 -0.000000 -0.000002 -0.000000 0.838234 0.545311 265.738739 0.000000 0.545311 -0.838234 -2819.451172 0.000000 0.000000 0.000000 1.000000
-1.000000 0.000000 -0.000000 -0.000002 -0.000000 0.837257 0.546810 265.738739 0.000000 0.546810 -0.837257 -2787.285400 0.000000 0.000000 0.000000 1.000000
-1.000000 0.000000 -0.000000 -0.000002 -0.000000 0.836270 0.548318 265.738739 0.000000 0.548318 -0.836270 -2755.183350 0.000000 0.000000 0.000000 1.000000
-1.000000 0.000000 -0.000000 -0.000002 -0.000000 0.835273 0.549836 265.738739 0.000000 0.549836 -0.835273 -2723.142822 0.000000 0.000000 0.000000 1.000000
-1.000000 0.000000 -0.000000 -0.000002 -0.000000 0.834266 0.551361 265.738739 0.000000 0.551361 -0.834266 -2691.162598 0.000000 0.000000 0.000000 1.000000
-1.000000 0.000000 -0.000000 -0.000002 -0.000000 0.833250 0.552896 265.738739 0.000000 0.552896 -0.833250 -2659.240723 0.000000 0.000000 0.000000 1.000000
-1.000000 0.000000 -0.000000 -0.000002 -0.000000 0.832225 0.554438 265.738739 0.000000 0.554438 -0.832225 -2627.375977 0.000000 0.000000 0.000000 1.000000
-1.000000 0.000000 -0.000000 -0.000002 -0.000000 0.831190 0.555989 265.738739 0.000000 0.555989 -0.831190 -2595.567383 0.000000 0.000000 0.000000 1.000000
-1.000000 0.000000 -0.000000 -0.000002 -0.000000 0.830145 0.557547 265.738739 0.000000 0.557547 -0.830145 -2563.813965 0.000000 0.000000 0.000000 1.000000
-1.000000 0.000000 -0.000000 -0.000002 -0.000000 0.830929 0.556379 264.316833 0.000000 0.556379 -0.830929 -2532.114746 0.000000 0.000000 0.000000 1.000000
-1.000000 0.000000 -0.000000 -0.000002 -0.000000 0.832762 0.553631 262.090149 0.000000 0.553631 -0.832762 -2500.469727 0.000000 0.000000 0.000000 1.000000
-1.000000 0.000000 -0.000000 -0.000002 -0.000000 0.834933 0.550352 259.614319 0.000000 0.550352 -0.834933 -2468.877930 0.000000 0.000000 0.000000 1.000000
-1.000000 0.000000 -0.000000 -0.000002 -0.000000 0.837291 0.546757 257.007080 0.000000 0.546757 -0.837291 -2437.339111 0.000000 0.000000 0.000000 1.000000
-1.000000 0.000000 -0.000000 -0.000002 -0.000000 0.839775 0.542935 254.317810 0.000000 0.542935 -0.839775 -2405.853271 0.000000 0.000000 0.000000 1.000000
-1.000000 0.000000 -0.000000 -0.000002 -0.000000 0.842349 0.538932 251.572784 0.000000 0.538932 -0.842349 -2374.420410 0.000000 0.000000 0.000000 1.000000
-1.000000 0.000000 -0.000000 -0.000002 -0.000000 0.844994 0.534775 248.788040 0.000000 0.534775 -0.844994 -2343.040527 0.000000 0.000000 0.000000 1.000000
-1.000000 0.000000 -0.000000 -0.000002 -0.000000 0.847696 0.530482 245.974304 0.000000 0.530482 -0.847696 -2311.713623 0.000000 0.000000 0.000000 1.000000
-1.000000 0.000000 -0.000000 -0.000002 -0.000000 0.850445 0.526064 243.139145 0.000000 0.526064 -0.850445 -2280.440186 0.000000 0.000000 0.000000 1.000000
-1.000000 0.000000 -0.000000 -0.000002 -0.000000 0.853233 0.521529 240.288239 0.000000 0.521529 -0.853233 -2249.220703 0.000000 0.000000 0.000000 1.000000
-1.000000 0.000000 -0.000000 -0.000002 -0.000000 0.856055 0.516885 237.426041 0.000000 0.516885 -0.856055 -2218.055420 0.000000 0.000000 0.000000 1.000000
-1.000000 0.000000 -0.000000 -0.000002 -0.000000 0.858905 0.512136 234.556076 0.000000 0.512136 -0.858905 -2186.945557 0.000000 0.000000 0.000000 1.000000
-1.000000 0.000000 -0.000000 -0.000002 -0.000000 0.861779 0.507285 231.681320 0.000000 0.507285 -0.861779 -2155.891113 0.000000 0.000000 0.000000 1.000000
-1.000000 0.000000 -0.000000 -0.000002 -0.000000 0.864673 0.502335 228.804291 0.000000 0.502335 -0.864673 -2124.893799 0.000000 0.000000 0.000000 1.000000
-1.000000 0.000000 -0.000000 -0.000002 -0.000000 0.867584 0.497291 225.927216 0.000000 0.497291 -0.867584 -2093.954346 0.000000 0.000000 0.000000 1.000000
-1.000000 0.000000 -0.000000 -0.000002 -0.000000 0.870509 0.492153 223.052063 0.000000 0.492153 -0.870509 -2063.073730 0.000000 0.000000 0.000000 1.000000
-1.000000 0.000000 -0.000000 -0.000002 -0.000000 0.873444 0.486925 220.180679 0.000000 0.486925 -0.873444 -2032.253662 0.000000 0.000000 0.000000 1.000000
-1.000000 0.000000 -0.000000 -0.000002 -0.000000 0.876387 0.481608 217.314743 0.000000 0.481608 -0.876387 -2001.495483 0.000000 0.000000 0.000000 1.000000
-1.000000 0.000000 -0.000000 -0.000002 -0.000000 0.879335 0.476204 214.455902 0.000000 0.476204 -0.879335 -1970.801025 0.000000 0.000000 0.000000 1.000000
-1.000000 0.000000 -0.000000 -0.000002 -0.000000 0.882285 0.470716 211.605759 0.000000 0.470716 -0.882285 -1940.171997 0.000000 0.000000 0.000000 1.000000
-1.000000 0.000000 -0.000000 -0.000002 -0.000000 0.885234 0.465147 208.765884 0.000000 0.465147 -0.885234 -1909.610718 0.000000 0.000000 0.000000 1.000000
-1.000000 0.000000 -0.000000 -0.000002 -0.000000 0.888178 0.459499 205.937881 0.000000 0.459499 -0.888178 -1879.119385 0.000000 0.000000 0.000000 1.000000
-1.000000 0.000000 -0.000000 -0.000002 -0.000000 0.891117 0.453775 203.123383 0.000000 0.453775 -0.891117 -1848.700684 0.000000 0.000000 0.000000 1.000000
-1.000000 0.000000 -0.000000 -0.000002 -0.000000 0.894044 0.447978 200.324081 0.000000 0.447978 -0.894044 -1818.357422 0.000000 0.000000 0.000000 1.000000
-1.000000 0.000000 -0.000000 -0.000002 -0.000000 0.896959 0.442114 197.541763 0.000000 0.442114 -0.896959 -1788.093018 0.000000 0.000000 0.000000 1.000000
-1.000000 0.000000 -0.000000 -0.000002 -0.000000 0.899857 0.436185 194.778351 0.000000 0.436185 -0.899857 -1757.910889 0.000000 0.000000 0.000000 1.000000
-1.000000 0.000000 -0.000000 -0.000002 -0.000000 0.902735 0.430198 192.035904 0.000000 0.430198 -0.902735 -1727.815063 0.000000 0.000000 0.000000 1.000000
-1.000000 0.000000 -0.000000 -0.000002 -0.000000 0.905588 0.424159 189.316681 0.000000 0.424159 -0.905588 -1697.810059 0.000000 0.000000 0.000000 1.000000
-1.000000 0.000000 -0.000000 -0.000002 -0.000000 0.908413 0.418074 186.623169 0.000000 0.418074 -0.908413 -1667.900879 0.000000 0.000000 0.000000 1.000000
-1.000000 0.000000 -0.000000 -0.000002 -0.000000 0.911205 0.411952 183.958145 0.000000 0.411952 -0.911205 -1638.093384 0.000000 0.000000 0.000000 1.000000
-1.000000 0.000000 -0.000000 -0.000002 -0.000000 0.913960 0.405804 181.324768 0.000000 0.405804 -0.913960 -1608.393799 0.000000 0.000000 0.000000 1.000000
-1.000000 0.000000 -0.000000 -0.000002 -0.000000 0.916672 0.399640 178.726608 0.000000 0.399640 -0.916672 -1578.809570 0.000000 0.000000 0.000000 1.000000
-1.000000 0.000000 -0.000000 -0.000002 -0.000000 0.919336 0.393474 176.167816 0.000000 0.393474 -0.919336 -1549.348999 0.000000 0.000000 0.000000 1.000000
-1.000000 0.000000 -0.000000 -0.000002 -0.000000 0.921944 0.387324 173.653275 0.000000 0.387324 -0.921944 -1520.021851 0.000000 0.000000 0.000000 1.000000
-1.000000 0.000000 -0.000000 -0.000002 -0.000000 0.924489 0.381209 171.188751 0.000000 0.381209 -0.924489 -1490.839233 0.000000 0.000000 0.000000 1.000000
-1.000000 0.000000 -0.000000 -0.000002 -0.000000 0.926963 0.375153 168.781219 0.000000 0.375153 -0.926963 -1461.814331 0.000000 0.000000 0.000000 1.000000
-1.000000 0.000000 -0.000000 -0.000002 -0.000000 0.929355 0.369188 166.439209 0.000000 0.369188 -0.929355 -1432.962646 0.000000 0.000000 0.000000 1.000000
-1.000000 0.000000 -0.000000 -0.000002 -0.000000 0.931652 0.363352 164.173477 0.000000 0.363352 -0.931652 -1404.302612 0.000000 0.000000 0.000000 1.000000
-1.000000 0.000000 -0.000000 -0.000002 -0.000000 0.933839 0.357693 161.997787 0.000000 0.357693 -0.933839 -1375.856812 0.000000 0.000000 0.000000 1.000000
-1.000000 0.000000 -0.000000 -0.000002 -0.000000 0.935895 0.352278 159.930359 0.000000 0.352278 -0.935895 -1347.652710 0.000000 0.000000 0.000000 1.000000
-1.000000 0.000000 -0.000000 -0.000002 -0.000000 0.937793 0.347196 157.996216 0.000000 0.347196 -0.937793 -1319.724976 0.000000 0.000000 0.000000 1.000000
-1.000000 0.000000 -0.000000 -0.000002 -0.000000 0.939491 0.342575 156.231430 0.000000 0.342575 -0.939491 -1292.117676 0.000000 0.000000 0.000000 1.000000
-1.000000 0.000000 -0.000000 -0.000002 -0.000000 0.940927 0.338609 154.691437 0.000000 0.338609 -0.940927 -1264.889038 0.000000 0.000000 0.000000 1.000000
-1.000000 0.000000 -0.000000 -0.000002 -0.000000 0.941995 0.335627 153.469864 0.000000 0.335627 -0.941995 -1238.118286 0.000000 0.000000 0.000000 1.000000
-1.000000 0.000000 -0.000000 -0.000002 -0.000000 0.942480 0.334262 152.750565 0.000000 0.334262 -0.942480 -1211.917847 0.000000 0.000000 0.000000 1.000000
-1.000000 0.000000 -0.000000 -0.000002 -0.000000 0.942535 0.334108 152.411377 0.000000 0.334108 -0.942535 -1186.457397 0.000000 0.000000 0.000000 1.000000
-1.000000 0.000000 -0.000000 -0.000002 -0.000000 0.942589 0.333955 152.103333 0.000000 0.333955 -0.942589 -1162.015503 0.000000 0.000000 0.000000 1.000000
-1.000000 0.000000 -0.000000 -0.000002 -0.000000 0.942672 0.333722 151.820297 0.000000 0.333722 -0.942672 -1139.111938 0.000000 0.000000 0.000000 1.000000
-1.000000 0.000000 -0.000000 -0.000002 -0.000000 0.942842 0.333239 151.557907 0.000000 0.333239 -0.942842 -1118.974609 0.000000 0.000000 0.000000 1.000000
-1.000000 0.000000 -0.000000 -0.000002 -0.000000 0.943133 0.332416 151.312973 0.000000 0.332416 -0.943133 -1106.689209 0.000000 0.000000 0.000000 1.000000
-1.000000 0.000000 -0.000000 -0.000002 -0.000000 0.943419 0.331603 151.083008 0.000000 0.331603 -0.943419 -1098.653320 0.000000 0.000000 0.000000 1.000000
-1.000000 0.000000 -0.000000 -0.000002 -0.000000 0.943690 0.330831 150.866104 0.000000 0.330831 -0.943690 -1092.245972 0.000000 0.000000 0.000000 1.000000
-1.000000 0.000000 -0.000000 -0.000002 -0.000000 0.943947 0.330098 150.660721 0.000000 0.330098 -0.943947 -1086.774414 0.000000 0.000000 0.000000 1.000000
-1.000000 0.000000 -0.000000 -0.000002 -0.000000 0.944190 0.329401 150.465591 0.000000 0.329401 -0.944190 -1081.931274 0.000000 0.000000 0.000000 1.000000
-1.000000 0.000000 -0.000000 -0.000002 -0.000000 0.944422 0.328736 150.279663 0.000000 0.328736 -0.944422 -1077.547485 0.000000 0.000000 0.000000 1.000000
-1.000000 0.000000 -0.000000 -0.000002 -0.000000 0.944643 0.328100 150.102066 0.000000 0.328100 -0.944643 -1073.519043 0.000000 0.000000 0.000000 1.000000
-1.000000 0.000000 -0.000000 -0.000002 -0.000000 0.944855 0.327490 149.932053 0.000000 0.327490 -0.944855 -1069.775757 0.000000 0.000000 0.000000 1.000000
-1.000000 0.000000 -0.000000 -0.000002 -0.000000 0.945057 0.326905 149.768982 0.000000 0.326905 -0.945057 -1066.268188 0.000000 0.000000 0.000000 1.000000
-1.000000 0.000000 -0.000000 -0.000002 -0.000000 0.945252 0.326342 149.612305 0.000000 0.326342 -0.945252 -1062.959595 0.000000 0.000000 0.000000 1.000000
-1.000000 0.000000 -0.000000 -0.000002 -0.000000 0.945439 0.325800 149.461533 0.000000 0.325800 -0.945439 -1059.822144 0.000000 0.000000 0.000000 1.000000
-1.000000 0.000000 -0.000000 -0.000002 -0.000000 0.945619 0.325277 149.316238 0.000000 0.325277 -0.945619 -1056.833740 0.000000 0.000000 0.000000 1.000000
-1.000000 0.000000 -0.000000 -0.000002 -0.000000 0.945793 0.324771 149.176056 0.000000 0.324771 -0.945793 -1053.976685 0.000000 0.000000 0.000000 1.000000
-1.000000 0.000000 -0.000000 -0.000002 -0.000000 0.945960 0.324283 149.040649 0.000000 0.324283 -0.945960 -1051.236938 0.000000 0.000000 0.000000 1.000000
-1.000000 0.000000 -0.000000 -0.000002 -0.000000 0.946122 0.323809 148.909698 0.000000 0.323809 -0.946122 -1048.602173 0.000000 0.000000 0.000000 1.000000
-1.000000 0.000000 -0.000000 -0.000002 -0.000000 0.946279 0.323351 148.782974 0.000000 0.323351 -0.946279 -1046.062622 0.000000 0.000000 0.000000 1.000000
-1.000000 0.000000 -0.000000 -0.000002 -0.000000 0.946431 0.322907 148.660202 0.000000 0.322907 -0.946431 -1043.609863 0.000000 0.000000 0.000000 1.000000
-1.000000 0.000000 -0.000000 -0.000002 -0.000000 0.946578 0.322475 148.541168 0.000000 0.322475 -0.946578 -1041.236328 0.000000 0.000000 0.000000 1.000000
-1.000000 0.000000 -0.000000 -0.000002 -0.000000 0.946720 0.322056 148.425690 0.000000 0.322056 -0.946720 -1038.935913 0.000000 0.000000 0.000000 1.000000
-1.000000 0.000000 -0.000000 -0.000002 -0.000000 0.946859 0.321650 148.313553 0.000000 0.321650 -0.946859 -1036.703125 0.000000 0.000000 0.000000 1.000000
-1.000000 0.000000 -0.000000 -0.000002 -0.000000 0.946993 0.321253 148.204636 0.000000 0.321253 -0.946993 -1034.532837 0.000000 0.000000 0.000000 1.000000
-1.000000 0.000000 -0.000000 -0.000002 -0.000000 0.947124 0.320868 148.098740 0.000000 0.320868 -0.947124 -1032.421143 0.000000 0.000000 0.000000 1.000000
-1.000000 0.000000 -0.000000 -0.000002 -0.000000 0.947251 0.320493 147.995758 0.000000 0.320493 -0.947251 -1030.364014 0.000000 0.000000 0.000000 1.000000
-1.000000 0.000000 -0.000000 -0.000002 -0.000000 0.947374 0.320128 147.895538 0.000000 0.320128 -0.947374 -1028.358032 0.000000 0.000000 0.000000 1.000000
-1.000000 0.000000 -0.000000 -0.000002 -0.000000 0.947495 0.319771 147.797974 0.000000 0.319771 -0.947495 -1026.400269 0.000000 0.000000 0.000000 1.000000
-1.000000 0.000000 -0.000000 -0.000002 -0.000000 0.947612 0.319424 147.702942 0.000000 0.319424 -0.947612 -1024.487915 0.000000 0.000000 0.000000 1.000000
-1.000000 0.000000 -0.000000 -0.000002 -0.000000 0.947726 0.319085 147.610336 0.000000 0.319085 -0.947726 -1022.618347 0.000000 0.000000 0.000000 1.000000
-1.000000 0.000000 -0.000000 -0.000002 -0.000000 0.947837 0.318755 147.520081 0.000000 0.318755 -0.947837 -1020.789490 0.000000 0.000000 0.000000 1.000000
-1.000000 0.000000 -0.000000 -0.000002 -0.000000 0.947946 0.318432 147.432068 0.000000 0.318432 -0.947946 -1018.999084 0.000000 0.000000 0.000000 1.000000
-1.000000 0.000000 -0.000000 -0.000002 -0.000000 0.948052 0.318117 147.346222 0.000000 0.318117 -0.948052 -1017.245361 0.000000 0.000000 0.000000 1.000000
-1.000000 0.000000 -0.000000 -0.000002 -0.000000 0.948155 0.317809 147.262451 0.000000 0.317809 -0.948155 -1015.526550 0.000000 0.000000 0.000000 1.000000
-1.000000 0.000000 -0.000000 -0.000002 -0.000000 0.948256 0.317508 147.180695 0.000000 0.317508 -0.948256 -1013.841003 0.000000 0.000000 0.000000 1.000000
-1.000000 0.000000 -0.000000 -0.000002 -0.000000 0.948354 0.317214 147.100891 0.000000 0.317214 -0.948354 -1012.187256 0.000000 0.000000 0.000000 1.000000
-1.000000 0.000000 -0.000000 -0.000002 -0.000000 0.948450 0.316927 147.022934 0.000000 0.316927 -0.948450 -1010.563965 0.000000 0.000000 0.000000 1.000000
-1.000000 0.000000 -0.000000 -0.000002 -0.000000 0.948544 0.316646 146.946808 0.000000 0.316646 -0.948544 -1008.969788 0.000000 0.000000 0.000000 1.000000
-1.000000 0.000000 -0.000000 -0.000002 -0.000000 0.948635 0.316371 146.872437 0.000000 0.316371 -0.948635 -1007.403625 0.000000 0.000000 0.000000 1.000000
-1.000000 0.000000 -0.000000 -0.000002 -0.000000 0.948725 0.316102 146.799759 0.000000 0.316102 -0.948725 -1005.864380 0.000000 0.000000 0.000000 1.000000</float_array><technique_common><accessor source="#CUT01_camera_Output-Matrix-animation-output-transform-array" count="116" stride="16"><param type="float4x4"/></accessor></technique_common></source><source id="CUT01_camera_Output-Interpolations"><Name_array id="CUT01_camera_Output-Interpolations-array" count="116">
 LINEAR LINEAR LINEAR LINEAR LINEAR LINEAR LINEAR LINEAR LINEAR LINEAR LINEAR
LINEAR LINEAR LINEAR LINEAR LINEAR LINEAR LINEAR LINEAR LINEAR LINEAR LINEAR LINEAR
LINEAR LINEAR LINEAR LINEAR LINEAR LINEAR LINEAR LINEAR LINEAR LINEAR LINEAR LINEAR
LINEAR LINEAR LINEAR LINEAR LINEAR LINEAR LINEAR LINEAR LINEAR LINEAR LINEAR LINEAR
LINEAR LINEAR LINEAR LINEAR LINEAR LINEAR LINEAR LINEAR LINEAR LINEAR LINEAR LINEAR
LINEAR LINEAR LINEAR LINEAR LINEAR LINEAR LINEAR LINEAR LINEAR LINEAR LINEAR LINEAR
LINEAR LINEAR LINEAR LINEAR LINEAR LINEAR LINEAR LINEAR LINEAR LINEAR LINEAR LINEAR
LINEAR LINEAR LINEAR LINEAR LINEAR LINEAR LINEAR LINEAR LINEAR LINEAR LINEAR LINEAR
LINEAR LINEAR LINEAR LINEAR LINEAR LINEAR LINEAR LINEAR LINEAR LINEAR LINEAR LINEAR
LINEAR LINEAR LINEAR LINEAR LINEAR LINEAR LINEAR LINEAR LINEAR</Name_array><technique_common><accessor source="#CUT01_camera_Output-Interpolations-array" count="116"><param type="name"/></accessor></technique_common></source><sampler id="CUT01_camera_Output-Matrix-animation-transform"><input semantic="INPUT" source="#CUT01_camera_Output-Matrix-animation-input"/><input semantic="OUTPUT" source="#CUT01_camera_Output-Matrix-animation-output-transform"/><input semantic="INTERPOLATION" source="#CUT01_camera_Output-Interpolations"/></sampler><channel source="#CUT01_camera_Output-Matrix-animation-transform" target="CUT01_camera_Output/matrix"/></animation><animation><source id="CUT01_camera_Output-visibility-animation-input"><float_array id="CUT01_camera_Output-visibility-animation-input-array" count="116">

0.000000 0.033333 0.066667 0.100000 0.133333 0.166667 0.200000 0.233333 0.266667 0.300000 0.333333 0.366667 0.400000 0.433333 0.466667 0.500000
0.533333 0.566667 0.600000 0.633333 0.666667 0.700000 0.733333 0.766667 0.800000 0.833333 0.866667 0.900000 0.933333 0.966667 1.000000 1.033333
1.066667 1.100000 1.133333 1.166667 1.200000 1.233333 1.266667 1.300000 1.333333 1.366667 1.400000 1.433333 1.466667 1.500000 1.533333 1.566667
1.600000 1.633333 1.666667 1.700000 1.733333 1.766667 1.800000 1.833333 1.866667 1.900000 1.933333 1.966667 2.000000 2.033333 2.066667 2.100000
2.133333 2.166667 2.200000 2.233333 2.266667 2.300000 2.333333 2.366667 2.400000 2.433333 2.466667 2.500000 2.533333 2.566667 2.600000 2.633333
2.666667 2.700000 2.733333 2.766667 2.800000 2.833333 2.866667 2.900000 2.933333 2.966667 3.000000 3.033333 3.066667 3.100000 3.133333 3.166667
3.200000 3.233333 3.266667 3.300000 3.333333 3.366667 3.400000 3.433333 3.466667 3.500000 3.533333 3.566667 3.600000 3.633333 3.666667 3.700000
3.733333 3.766667 3.800000 3.833333</float_array><technique_common><accessor source="#CUT01_camera_Output-visibility-animation-input-array" count="116"><param name="TIME" type="float"/></accessor></technique_common></source><source id="CUT01_camera_Output-visibility-animation-output"><float_array id="CUT01_camera_Output-visibility-animation-output-array" count="116">

1.000000 1.000000 1.000000 1.000000 1.000000 1.000000 1.000000 1.000000 1.000000 1.000000 1.000000 1.000000 1.000000 1.000000 1.000000 1.000000
1.000000 1.000000 1.000000 1.000000 1.000000 1.000000 1.000000 1.000000 1.000000 1.000000 1.000000 1.000000 1.000000 1.000000 1.000000 1.000000
1.000000 1.000000 1.000000 1.000000 1.000000 1.000000 1.000000 1.000000 1.000000 1.000000 1.000000 1.000000 1.000000 1.000000 1.000000 1.000000
1.000000 1.000000 1.000000 1.000000 1.000000 1.000000 1.000000 1.000000 1.000000 1.000000 1.000000 1.000000 1.000000 1.000000 1.000000 1.000000
1.000000 1.000000 1.000000 1.000000 1.000000 1.000000 1.000000 1.000000 1.000000 1.000000 1.000000 1.000000 1.000000 1.000000 1.000000 1.000000
1.000000 1.000000 1.000000 1.000000 1.000000 1.000000 1.000000 1.000000 1.000000 1.000000 1.000000 1.000000 1.000000 1.000000 1.000000 1.000000
1.000000 1.000000 1.000000 1.000000 1.000000 1.000000 1.000000 1.000000 1.000000 1.000000 1.000000 1.000000 1.000000 1.000000 1.000000 1.000000
1.000000 1.000000 1.000000 1.000000</float_array><technique_common><accessor source="#CUT01_camera_Output-visibility-animation-output-array" count="116"><param type="float"/></accessor></technique_common></source><source id="CUT01_camera_Output-visibility-animation-intan"><float_array id="CUT01_camera_Output-visibility-animation-intan-array" count="116">

0.000000 0.000000 0.000000 0.000000 0.000000 0.000000 0.000000 0.000000 0.000000 0.000000 0.000000 0.000000 0.000000 0.000000 0.000000 0.000000
0.000000 0.000000 0.000000 0.000000 0.000000 0.000000 0.000000 0.000000 0.000000 0.000000 0.000000 0.000000 0.000000 0.000000 0.000000 0.000000
0.000000 0.000000 0.000000 0.000000 0.000000 0.000000 0.000000 0.000000 0.000000 0.000000 0.000000 0.000000 0.000000 0.000000 0.000000 0.000000
0.000000 0.000000 0.000000 0.000000 0.000000 0.000000 0.000000 0.000000 0.000000 0.000000 0.000000 0.000000 0.000000 0.000000 0.000000 0.000000
0.000000 0.000000 0.000000 0.000000 0.000000 0.000000 0.000000 0.000000 0.000000 0.000000 0.000000 0.000000 0.000000 0.000000 0.000000 0.000000
0.000000 0.000000 0.000000 0.000000 0.000000 0.000000 0.000000 0.000000 0.000000 0.000000 0.000000 0.000000 0.000000 0.000000 0.000000 0.000000
0.000000 0.000000 0.000000 0.000000 0.000000 0.000000 0.000000 0.000000 0.000000 0.000000 0.000000 0.000000 0.000000 0.000000 0.000000 0.000000
0.000000 0.000000 0.000000 0.000000</float_array><technique_common><accessor source="#CUT01_camera_Output-visibility-animation-intan-array" count="116"><param type="float"/></accessor></technique_common></source><source id="CUT01_camera_Output-visibility-animation-outtan"><float_array id="CUT01_camera_Output-visibility-animation-outtan-array" count="116">

0.000000 0.000000 0.000000 0.000000 0.000000 0.000000 0.000000 0.000000 0.000000 0.000000 0.000000 0.000000 0.000000 0.000000 0.000000 0.000000
0.000000 0.000000 0.000000 0.000000 0.000000 0.000000 0.000000 0.000000 0.000000 0.000000 0.000000 0.000000 0.000000 0.000000 0.000000 0.000000
0.000000 0.000000 0.000000 0.000000 0.000000 0.000000 0.000000 0.000000 0.000000 0.000000 0.000000 0.000000 0.000000 0.000000 0.000000 0.000000
0.000000 0.000000 0.000000 0.000000 0.000000 0.000000 0.000000 0.000000 0.000000 0.000000 0.000000 0.000000 0.000000 0.000000 0.000000 0.000000
0.000000 0.000000 0.000000 0.000000 0.000000 0.000000 0.000000 0.000000 0.000000 0.000000 0.000000 0.000000 0.000000 0.000000 0.000000 0.000000
0.000000 0.000000 0.000000 0.000000 0.000000 0.000000 0.000000 0.000000 0.000000 0.000000 0.000000 0.000000 0.000000 0.000000 0.000000 0.000000
0.000000 0.000000 0.000000 0.000000 0.000000 0.000000 0.000000 0.000000 0.000000 0.000000 0.000000 0.000000 0.000000 0.000000 0.000000 0.000000
0.000000 0.000000 0.000000 0.000000</float_array><technique_common><accessor source="#CUT01_camera_Output-visibility-animation-outtan-array" count="116"><param type="float"/></accessor></technique_common></source><source id="CUT01_camera_Output-visibility-animation-interpolation"><Name_array id="CUT01_camera_Output-visibility-animation-interpolation-array" count="116">
 BEZIER BEZIER BEZIER BEZIER BEZIER BEZIER BEZIER BEZIER BEZIER BEZIER BEZIER
BEZIER BEZIER BEZIER BEZIER BEZIER BEZIER BEZIER BEZIER BEZIER BEZIER BEZIER BEZIER
BEZIER BEZIER BEZIER BEZIER BEZIER BEZIER BEZIER BEZIER BEZIER BEZIER BEZIER BEZIER
BEZIER BEZIER BEZIER BEZIER BEZIER BEZIER BEZIER BEZIER BEZIER BEZIER BEZIER BEZIER
BEZIER BEZIER BEZIER BEZIER BEZIER BEZIER BEZIER BEZIER BEZIER BEZIER BEZIER BEZIER
BEZIER BEZIER BEZIER BEZIER BEZIER BEZIER BEZIER BEZIER BEZIER BEZIER BEZIER BEZIER
BEZIER BEZIER BEZIER BEZIER BEZIER BEZIER BEZIER BEZIER BEZIER BEZIER BEZIER BEZIER
BEZIER BEZIER BEZIER BEZIER BEZIER BEZIER BEZIER BEZIER BEZIER BEZIER BEZIER BEZIER
BEZIER BEZIER BEZIER BEZIER BEZIER BEZIER BEZIER BEZIER BEZIER BEZIER BEZIER BEZIER
BEZIER BEZIER BEZIER BEZIER BEZIER BEZIER BEZIER BEZIER BEZIER</Name_array><technique_common><accessor source="#CUT01_camera_Output-visibility-animation-interpolation-array" count="116"><param type="name"/></accessor></technique_common></source><sampler id="CUT01_camera_Output-visibility-animation"><input semantic="INPUT" source="#CUT01_camera_Output-visibility-animation-input"/><input semantic="OUTPUT" source="#CUT01_camera_Output-visibility-animation-output"/><input semantic="IN_TANGENT" source="#CUT01_camera_Output-visibility-animation-intan"/><input semantic="OUT_TANGENT" source="#CUT01_camera_Output-visibility-animation-outtan"/><input semantic="INTERPOLATION" source="#CUT01_camera_Output-visibility-animation-interpolation"/></sampler><channel source="#CUT01_camera_Output-visibility-animation" target="CUT01_camera_Output/visibility"/></animation><animation><source id="CUT01_camera_Output-lib-yfov-animation-input"><float_array id="CUT01_camera_Output-lib-yfov-animation-input-array" count="116">

0.000000 0.033333 0.066667 0.100000 0.133333 0.166667 0.200000 0.233333 0.266667 0.300000 0.333333 0.366667 0.400000 0.433333 0.466667 0.500000
0.533333 0.566667 0.600000 0.633333 0.666667 0.700000 0.733333 0.766667 0.800000 0.833333 0.866667 0.900000 0.933333 0.966667 1.000000 1.033333
1.066667 1.100000 1.133333 1.166667 1.200000 1.233333 1.266667 1.300000 1.333333 1.366667 1.400000 1.433333 1.466667 1.500000 1.533333 1.566667
1.600000 1.633333 1.666667 1.700000 1.733333 1.766667 1.800000 1.833333 1.866667 1.900000 1.933333 1.966667 2.000000 2.033333 2.066667 2.100000
2.133333 2.166667 2.200000 2.233333 2.266667 2.300000 2.333333 2.366667 2.400000 2.433333 2.466667 2.500000 2.533333 2.566667 2.600000 2.633333
2.666667 2.700000 2.733333 2.766667 2.800000 2.833333 2.866667 2.900000 2.933333 2.966667 3.000000 3.033333 3.066667 3.100000 3.133333 3.166667
3.200000 3.233333 3.266667 3.300000 3.333333 3.366667 3.400000 3.433333 3.466667 3.500000 3.533333 3.566667 3.600000 3.633333 3.666667 3.700000
3.733333 3.766667 3.800000 3.833333</float_array><technique_common><accessor source="#CUT01_camera_Output-lib-yfov-animation-input-array" count="116"><param name="TIME" type="float"/></accessor></technique_common></source><source id="CUT01_camera_Output-lib-yfov-animation-output"><float_array id="CUT01_camera_Output-lib-yfov-animation-output-array" count="116">

54.431473 54.431473 54.431473 54.431473 54.431473 54.431473 54.431473 54.431473 54.431473 54.431473 54.431473 54.431473 54.431473 54.431473 54.431473 54.431473
54.431473 54.431473 54.431473 54.431473 54.431473 54.431473 54.431473 54.431473 54.431473 54.431473 54.431473 54.431473 54.431473 54.431473 54.431473 54.431473
54.431473 54.431473 54.431473 54.431473 54.431473 54.431473 54.431473 54.431473 54.431473 54.431473 54.431473 54.431473 54.431473 54.431473 54.431473 54.431473
54.431473 54.431473 54.431473 54.431473 54.431473 54.431473 54.431473 54.431473 54.431473 54.431473 54.431473 54.431473 54.431473 54.431473 54.431473 54.431473
54.431473 54.431473 54.431473 54.431473 54.431473 54.431473 54.431473 54.431473 54.431473 54.431473 54.431473 54.431473 54.431473 54.431473 54.431473 54.431473
54.431473 54.431473 54.431473 54.431473 54.431473 54.431473 54.431473 54.431473 54.431473 54.431473 54.431473 54.431473 54.431473 54.431473 54.431473 54.431473
54.431473 54.431473 54.431473 54.431473 54.431473 54.431473 54.431473 54.431473 54.431473 54.431473 54.431473 54.431473 54.431473 54.431473 54.431473 54.431473
54.431473 54.431473 54.431473 54.431473</float_array><technique_common><accessor source="#CUT01_camera_Output-lib-yfov-animation-output-array" count="116"><param type="float"/></accessor></technique_common></source><source id="CUT01_camera_Output-lib-yfov-animation-intan"><float_array id="CUT01_camera_Output-lib-yfov-animation-intan-array" count="116">

0.000000 -0.000000 -0.000000 -0.000000 -0.000000 -0.000000 -0.000000 -0.000000 -0.000000 -0.000000 -0.000000 -0.000000 -0.000000 -0.000000 -0.000000 -0.000000
-0.000000 -0.000000 -0.000000 -0.000000 -0.000000 -0.000000 -0.000000 -0.000000 -0.000000 -0.000000 -0.000000 -0.000000 -0.000000 -0.000000 -0.000000 -0.000000
-0.000000 -0.000000 -0.000000 -0.000000 -0.000000 -0.000000 -0.000000 -0.000000 -0.000000 -0.000000 -0.000000 -0.000000 -0.000000 -0.000000 -0.000000 -0.000000
-0.000000 -0.000000 -0.000000 -0.000000 -0.000000 -0.000000 -0.000000 -0.000000 -0.000000 -0.000000 -0.000000 -0.000000 -0.000000 -0.000000 -0.000000 -0.000000
-0.000000 -0.000000 -0.000000 -0.000000 -0.000000 -0.000000 -0.000000 -0.000000 -0.000000 -0.000000 -0.000000 -0.000000 -0.000000 -0.000000 -0.000000 -0.000000
-0.000000 -0.000000 -0.000000 -0.000000 -0.000000 -0.000000 -0.000000 -0.000000 -0.000000 -0.000000 -0.000000 -0.000000 -0.000000 -0.000000 -0.000000 -0.000000
-0.000000 -0.000000 -0.000000 -0.000000 -0.000000 -0.000000 -0.000000 -0.000000 -0.000000 -0.000000 -0.000000 -0.000000 -0.000000 -0.000000 -0.000000 -0.000000
-0.000000 -0.000000 -0.000000 -0.000000</float_array><technique_common><accessor source="#CUT01_camera_Output-lib-yfov-animation-intan-array" count="116"><param type="float"/></accessor></technique_common></source><source id="CUT01_camera_Output-lib-yfov-animation-outtan"><float_array id="CUT01_camera_Output-lib-yfov-animation-outtan-array" count="116">

0.000000 0.000000 0.000000 0.000000 0.000000 0.000000 0.000000 0.000000 0.000000 0.000000 0.000000 0.000000 0.000000 0.000000 0.000000 0.000000
0.000000 0.000000 0.000000 0.000000 0.000000 0.000000 0.000000 0.000000 0.000000 0.000000 0.000000 0.000000 0.000000 0.000000 0.000000 0.000000
0.000000 0.000000 0.000000 0.000000 0.000000 0.000000 0.000000 0.000000 0.000000 0.000000 0.000000 0.000000 0.000000 0.000000 0.000000 0.000000
0.000000 0.000000 0.000000 0.000000 0.000000 0.000000 0.000000 0.000000 0.000000 0.000000 0.000000 0.000000 0.000000 0.000000 0.000000 0.000000
0.000000 0.000000 0.000000 0.000000 0.000000 0.000000 0.000000 0.000000 0.000000 0.000000 0.000000 0.000000 0.000000 0.000000 0.000000 0.000000
0.000000 0.000000 0.000000 0.000000 0.000000 0.000000 0.000000 0.000000 0.000000 0.000000 0.000000 0.000000 0.000000 0.000000 0.000000 0.000000
0.000000 0.000000 0.000000 0.000000 0.000000 0.000000 0.000000 0.000000 0.000000 0.000000 0.000000 0.000000 0.000000 0.000000 0.000000 0.000000
0.000000 0.000000 0.000000 0.000000</float_array><technique_common><accessor source="#CUT01_camera_Output-lib-yfov-animation-outtan-array" count="116"><param type="float"/></accessor></technique_common></source><source id="CUT01_camera_Output-lib-yfov-animation-interpolation"><Name_array id="CUT01_camera_Output-lib-yfov-animation-interpolation-array" count="116">
 BEZIER BEZIER BEZIER BEZIER BEZIER BEZIER BEZIER BEZIER BEZIER BEZIER BEZIER
BEZIER BEZIER BEZIER BEZIER BEZIER BEZIER BEZIER BEZIER BEZIER BEZIER BEZIER BEZIER
BEZIER BEZIER BEZIER BEZIER BEZIER BEZIER BEZIER BEZIER BEZIER BEZIER BEZIER BEZIER
BEZIER BEZIER BEZIER BEZIER BEZIER BEZIER BEZIER BEZIER BEZIER BEZIER BEZIER BEZIER
BEZIER BEZIER BEZIER BEZIER BEZIER BEZIER BEZIER BEZIER BEZIER BEZIER BEZIER BEZIER
BEZIER BEZIER BEZIER BEZIER BEZIER BEZIER BEZIER BEZIER BEZIER BEZIER BEZIER BEZIER
BEZIER BEZIER BEZIER BEZIER BEZIER BEZIER BEZIER BEZIER BEZIER BEZIER BEZIER BEZIER
BEZIER BEZIER BEZIER BEZIER BEZIER BEZIER BEZIER BEZIER BEZIER BEZIER BEZIER BEZIER
BEZIER BEZIER BEZIER BEZIER BEZIER BEZIER BEZIER BEZIER BEZIER BEZIER BEZIER BEZIER
BEZIER BEZIER BEZIER BEZIER BEZIER BEZIER BEZIER BEZIER BEZIER</Name_array><technique_common><accessor source="#CUT01_camera_Output-lib-yfov-animation-interpolation-array" count="116"><param type="name"/></accessor></technique_common></source><sampler id="CUT01_camera_Output-lib-yfov-animation"><input semantic="INPUT" source="#CUT01_camera_Output-lib-yfov-animation-input"/><input semantic="OUTPUT" source="#CUT01_camera_Output-lib-yfov-animation-output"/><input semantic="IN_TANGENT" source="#CUT01_camera_Output-lib-yfov-animation-intan"/><input semantic="OUT_TANGENT" source="#CUT01_camera_Output-lib-yfov-animation-outtan"/><input semantic="INTERPOLATION" source="#CUT01_camera_Output-lib-yfov-animation-interpolation"/></sampler><channel source="#CUT01_camera_Output-lib-yfov-animation" target="CUT01_camera_Output-lib/yfov"/></animation></animation>
  </library_animations>
  <library_cameras>
    <camera id="CUT01_camera_Output" name="CUT01_camera_Output">
      <optics>
        <technique_common>
          <perspective>
            <xfov sid="xfov">54.431472</xfov>
            <aspect_ratio>1.499947</aspect_ratio>
            <znear sid="znear">1.000000</znear>
            <zfar sid="zfar">600000.000000</zfar>
          </perspective>
        </technique_common>
        <technique profile="FCOLLADA"><vertical_aperture>2.400040</vertical_aperture><horizontal_aperture>3.599940</horizontal_aperture><lens_squeeze>1.000000</lens_squeeze></technique>
      </optics>
    </camera>
  </library_cameras>
  <library_visual_scenes>
    <visual_scene id="camera" name="camera">
      <node name="CUT01" id="CUT01" sid="CUT01"><matrix sid="matrix">1.000000 0.000000 0.000000 0.000000 0.000000 1.000000 0.000000 0.000000 0.000000 0.000000 1.000000 0.000000 0.000000 0.000000 0.000000 1.000000</matrix><extra><technique profile="FCOLLADA"><visibility>1.000000</visibility></technique></extra></node>
      <node name="CUT01_camera_Output" id="CUT01_camera_Output" sid="CUT01_camera_Output"><matrix sid="matrix">-1.000000 0.000000 -0.000000 -0.000002 -0.000000 0.854625 0.519246 265.738739 0.000000 0.519246 -0.854625 -3533.365234 0.000000 0.000000 0.000000 1.000000</matrix><instance_camera url="#CUT01_camera_Output"/><extra><technique profile="FCOLLADA"><visibility>1.000000</visibility></technique></extra></node>
      <extra><technique profile="MAX3D"><frame_rate>30.000000</frame_rate></technique><technique profile="FCOLLADA"><start_time>0.000000</start_time><end_time>3.833333</end_time></technique></extra>
    </visual_scene>
  </library_visual_scenes>
  <scene>
    <instance_visual_scene url="#camera"></instance_visual_scene>
  </scene>
</COLLADA>
